
--- SIMULATION EVENT TABLE ---
+--------------+----------------+-----------+----------------+-------------------+-------------------+-----------+---------------+----------------------+-------------------+
|   Product ID |   Arrival Time |   Machine |   Request Time |   Allocation Time |   Processing Time | Failure   |   Repair Time |   Total Product Time |   Completion Time |
+==============+================+===========+================+===================+===================+===========+===============+======================+===================+
|            1 |        5.1003  |         1 |        5.1003  |           5.1003  |              2.74 | False     |          0    |                42.19 |             47.29 |
+--------------+----------------+-----------+----------------+-------------------+-------------------+-----------+---------------+----------------------+-------------------+
|            1 |        5.1003  |         2 |        7.84196 |           7.84196 |              4.34 | False     |          0    |                42.19 |             47.29 |
+--------------+----------------+-----------+----------------+-------------------+-------------------+-----------+---------------+----------------------+-------------------+
|            1 |        5.1003  |         3 |       12.1778  |          12.1778  |              5.01 | True      |          5.56 |                42.19 |             47.29 |
+--------------+----------------+-----------+----------------+-------------------+-------------------+-----------+---------------+----------------------+-------------------+
|            1 |        5.1003  |         4 |       22.7435  |          22.7435  |              5.43 | False     |          0    |                42.19 |             47.29 |
+--------------+----------------+-----------+----------------+-------------------+-------------------+-----------+---------------+----------------------+-------------------+
|            1 |        5.1003  |         5 |       28.1742  |          28.1742  |              7.31 | True      |         11.8  |                42.19 |             47.29 |
+--------------+----------------+-----------+----------------+-------------------+-------------------+-----------+---------------+----------------------+-------------------+
|            2 |        5.22695 |         1 |        5.22695 |           7.84196 |              2.42 | False     |          0    |                49.44 |             54.66 |
+--------------+----------------+-----------+----------------+-------------------+-------------------+-----------+---------------+----------------------+-------------------+
|            2 |        5.22695 |         2 |       10.2589  |          12.1778  |              3.23 | False     |          0    |                49.44 |             54.66 |
+--------------+----------------+-----------+----------------+-------------------+-------------------+-----------+---------------+----------------------+-------------------+
|            2 |        5.22695 |         3 |       15.4081  |          22.7435  |              4.44 | False     |          0    |                49.44 |             54.66 |
+--------------+----------------+-----------+----------------+-------------------+-------------------+-----------+---------------+----------------------+-------------------+
|            2 |        5.22695 |         4 |       27.1833  |          28.1742  |              6.07 | True      |          2.37 |                49.44 |             54.66 |
+--------------+----------------+-----------+----------------+-------------------+-------------------+-----------+---------------+----------------------+-------------------+
|            2 |        5.22695 |         5 |       36.6156  |          47.2902  |              7.37 | False     |          0    |                49.44 |             54.66 |
+--------------+----------------+-----------+----------------+-------------------+-------------------+-----------+---------------+----------------------+-------------------+
|            3 |        6.48988 |         1 |        6.48988 |          10.2589  |              2.24 | False     |          0    |                55.13 |             61.62 |
+--------------+----------------+-----------+----------------+-------------------+-------------------+-----------+---------------+----------------------+-------------------+
|            3 |        6.48988 |         2 |       12.5031  |          15.4081  |              4.09 | False     |          0    |                55.13 |             61.62 |
+--------------+----------------+-----------+----------------+-------------------+-------------------+-----------+---------------+----------------------+-------------------+
|            3 |        6.48988 |         3 |       19.4937  |          27.1833  |              5.4  | True      |          1.62 |                55.13 |             61.62 |
+--------------+----------------+-----------+----------------+-------------------+-------------------+-----------+---------------+----------------------+-------------------+
|            3 |        6.48988 |         4 |       34.2022  |          36.6156  |              6.14 | False     |          0    |                55.13 |             61.62 |
+--------------+----------------+-----------+----------------+-------------------+-------------------+-----------+---------------+----------------------+-------------------+
|            3 |        6.48988 |         5 |       42.7541  |          54.6635  |              6.96 | False     |          0    |                55.13 |             61.62 |
+--------------+----------------+-----------+----------------+-------------------+-------------------+-----------+---------------+----------------------+-------------------+
|            4 |       13.1578  |         1 |       13.1578  |          13.1578  |              3.04 | False     |          0    |                55.47 |             68.63 |
+--------------+----------------+-----------+----------------+-------------------+-------------------+-----------+---------------+----------------------+-------------------+
|            4 |       13.1578  |         2 |       16.2018  |          19.4937  |              4.38 | False     |          0    |                55.47 |             68.63 |
+--------------+----------------+-----------+----------------+-------------------+-------------------+-----------+---------------+----------------------+-------------------+
|            4 |       13.1578  |         3 |       23.8774  |          34.2022  |              4.68 | True      |          2.44 |                55.47 |             68.63 |
+--------------+----------------+-----------+----------------+-------------------+-------------------+-----------+---------------+----------------------+-------------------+
|            4 |       13.1578  |         4 |       41.327   |          42.7541  |              6.25 | False     |          0    |                55.47 |             68.63 |
+--------------+----------------+-----------+----------------+-------------------+-------------------+-----------+---------------+----------------------+-------------------+
|            4 |       13.1578  |         5 |       48.9999  |          61.6215  |              7.01 | False     |          0    |                55.47 |             68.63 |
+--------------+----------------+-----------+----------------+-------------------+-------------------+-----------+---------------+----------------------+-------------------+
|            5 |       18.4053  |         1 |       18.4053  |          18.4053  |              2.82 | False     |          0    |                56.7  |             75.1  |
+--------------+----------------+-----------+----------------+-------------------+-------------------+-----------+---------------+----------------------+-------------------+
|            5 |       18.4053  |         2 |       21.2302  |          23.8774  |              4.1  | False     |          0    |                56.7  |             75.1  |
+--------------+----------------+-----------+----------------+-------------------+-------------------+-----------+---------------+----------------------+-------------------+
|            5 |       18.4053  |         3 |       27.9762  |          41.327   |              5.06 | False     |          0    |                56.7  |             75.1  |
+--------------+----------------+-----------+----------------+-------------------+-------------------+-----------+---------------+----------------------+-------------------+
|            5 |       18.4053  |         4 |       46.3824  |          48.9999  |              5.79 | False     |          0    |                56.7  |             75.1  |
+--------------+----------------+-----------+----------------+-------------------+-------------------+-----------+---------------+----------------------+-------------------+
|            5 |       18.4053  |         5 |       54.7932  |          68.6309  |              6.47 | False     |          0    |                56.7  |             75.1  |
+--------------+----------------+-----------+----------------+-------------------+-------------------+-----------+---------------+----------------------+-------------------+
|            6 |       24.3942  |         1 |       24.3942  |          24.3942  |              3.21 | False     |          0    |                61.84 |             86.23 |
+--------------+----------------+-----------+----------------+-------------------+-------------------+-----------+---------------+----------------------+-------------------+
|            6 |       24.3942  |         2 |       27.6023  |          27.9762  |              4.29 | False     |          0    |                61.84 |             86.23 |
+--------------+----------------+-----------+----------------+-------------------+-------------------+-----------+---------------+----------------------+-------------------+
|            6 |       24.3942  |         3 |       32.2642  |          46.3824  |              4.65 | False     |          0    |                61.84 |             86.23 |
+--------------+----------------+-----------+----------------+-------------------+-------------------+-----------+---------------+----------------------+-------------------+
|            6 |       24.3942  |         4 |       51.032   |          54.7932  |              5.7  | False     |          0    |                61.84 |             86.23 |
+--------------+----------------+-----------+----------------+-------------------+-------------------+-----------+---------------+----------------------+-------------------+
|            6 |       24.3942  |         5 |       60.4955  |          75.1033  |              6.55 | True      |          4.57 |                61.84 |             86.23 |
+--------------+----------------+-----------+----------------+-------------------+-------------------+-----------+---------------+----------------------+-------------------+
|            7 |       32.6229  |         1 |       32.6229  |          32.6229  |              2.4  | False     |          0    |                60.33 |             92.96 |
+--------------+----------------+-----------+----------------+-------------------+-------------------+-----------+---------------+----------------------+-------------------+
|            7 |       32.6229  |         2 |       35.0224  |          35.0224  |              3.86 | False     |          0    |                60.33 |             92.96 |
+--------------+----------------+-----------+----------------+-------------------+-------------------+-----------+---------------+----------------------+-------------------+
|            7 |       32.6229  |         3 |       38.8828  |          51.032   |              4.89 | False     |          0    |                60.33 |             92.96 |
+--------------+----------------+-----------+----------------+-------------------+-------------------+-----------+---------------+----------------------+-------------------+
|            7 |       32.6229  |         4 |       55.9215  |          60.4955  |              6.34 | False     |          0    |                60.33 |             92.96 |
+--------------+----------------+-----------+----------------+-------------------+-------------------+-----------+---------------+----------------------+-------------------+
|            7 |       32.6229  |         5 |       66.8355  |          86.2297  |              6.73 | False     |          0    |                60.33 |             92.96 |
+--------------+----------------+-----------+----------------+-------------------+-------------------+-----------+---------------+----------------------+-------------------+
|            8 |       34.331   |         1 |       34.331   |          35.0224  |              2.65 | False     |          0    |                65.12 |             99.45 |
+--------------+----------------+-----------+----------------+-------------------+-------------------+-----------+---------------+----------------------+-------------------+
|            8 |       34.331   |         2 |       37.6697  |          38.8828  |              4.21 | False     |          0    |                65.12 |             99.45 |
+--------------+----------------+-----------+----------------+-------------------+-------------------+-----------+---------------+----------------------+-------------------+
|            8 |       34.331   |         3 |       43.0904  |          55.9215  |              4.72 | False     |          0    |                65.12 |             99.45 |
+--------------+----------------+-----------+----------------+-------------------+-------------------+-----------+---------------+----------------------+-------------------+
|            8 |       34.331   |         4 |       60.6464  |          66.8355  |              6.03 | False     |          0    |                65.12 |             99.45 |
+--------------+----------------+-----------+----------------+-------------------+-------------------+-----------+---------------+----------------------+-------------------+
|            8 |       34.331   |         5 |       72.8643  |          92.9578  |              6.49 | False     |          0    |                65.12 |             99.45 |
+--------------+----------------+-----------+----------------+-------------------+-------------------+-----------+---------------+----------------------+-------------------+
|            9 |       39.3797  |         1 |       39.3797  |          39.3797  |              3.13 | False     |          0    |                78.39 |            117.77 |
+--------------+----------------+-----------+----------------+-------------------+-------------------+-----------+---------------+----------------------+-------------------+
|            9 |       39.3797  |         2 |       42.5111  |          43.0904  |              3.25 | False     |          0    |                78.39 |            117.77 |
+--------------+----------------+-----------+----------------+-------------------+-------------------+-----------+---------------+----------------------+-------------------+
|            9 |       39.3797  |         3 |       46.3438  |          60.6464  |              4.66 | False     |          0    |                78.39 |            117.77 |
+--------------+----------------+-----------+----------------+-------------------+-------------------+-----------+---------------+----------------------+-------------------+
|            9 |       39.3797  |         4 |       65.3087  |          72.8643  |              6    | True      |          9.57 |                78.39 |            117.77 |
+--------------+----------------+-----------+----------------+-------------------+-------------------+-----------+---------------+----------------------+-------------------+
|            9 |       39.3797  |         5 |       88.4312  |          99.4498  |              7.07 | True      |         11.25 |                78.39 |            117.77 |
+--------------+----------------+-----------+----------------+-------------------+-------------------+-----------+---------------+----------------------+-------------------+
|           10 |       62.1727  |         1 |       62.1727  |          62.1727  |              2.31 | False     |          0    |                63.01 |            125.18 |
+--------------+----------------+-----------+----------------+-------------------+-------------------+-----------+---------------+----------------------+-------------------+
|           10 |       62.1727  |         2 |       64.4797  |          64.4797  |              3.92 | False     |          0    |                63.01 |            125.18 |
+--------------+----------------+-----------+----------------+-------------------+-------------------+-----------+---------------+----------------------+-------------------+
|           10 |       62.1727  |         3 |       68.3986  |          68.3986  |              5.04 | False     |          0    |                63.01 |            125.18 |
+--------------+----------------+-----------+----------------+-------------------+-------------------+-----------+---------------+----------------------+-------------------+
|           10 |       62.1727  |         4 |       73.4349  |          88.4312  |              6.32 | True      |          4.99 |                63.01 |            125.18 |
+--------------+----------------+-----------+----------------+-------------------+-------------------+-----------+---------------+----------------------+-------------------+
|           10 |       62.1727  |         5 |       99.7429  |         117.768   |              7.41 | False     |          0    |                63.01 |            125.18 |
+--------------+----------------+-----------+----------------+-------------------+-------------------+-----------+---------------+----------------------+-------------------+
|           11 |       62.6493  |         1 |       62.6493  |          64.4797  |              2.36 | False     |          0    |                79.27 |            141.92 |
+--------------+----------------+-----------+----------------+-------------------+-------------------+-----------+---------------+----------------------+-------------------+
|           11 |       62.6493  |         2 |       66.8362  |          68.3986  |              3.73 | False     |          0    |                79.27 |            141.92 |
+--------------+----------------+-----------+----------------+-------------------+-------------------+-----------+---------------+----------------------+-------------------+
|           11 |       62.6493  |         3 |       72.1291  |          73.4349  |              4.77 | True      |          2.14 |                79.27 |            141.92 |
+--------------+----------------+-----------+----------------+-------------------+-------------------+-----------+---------------+----------------------+-------------------+
|           11 |       62.6493  |         4 |       80.3492  |          99.7429  |              5.97 | False     |          0    |                79.27 |            141.92 |
+--------------+----------------+-----------+----------------+-------------------+-------------------+-----------+---------------+----------------------+-------------------+
|           11 |       62.6493  |         5 |      105.715   |         125.179   |              6.56 | True      |         10.18 |                79.27 |            141.92 |
+--------------+----------------+-----------+----------------+-------------------+-------------------+-----------+---------------+----------------------+-------------------+
|           12 |       63.23    |         1 |       63.23    |          66.8362  |              3.31 | False     |          0    |                85.85 |            149.08 |
+--------------+----------------+-----------+----------------+-------------------+-------------------+-----------+---------------+----------------------+-------------------+
|           12 |       63.23    |         2 |       70.1483  |          72.1291  |              4.32 | False     |          0    |                85.85 |            149.08 |
+--------------+----------------+-----------+----------------+-------------------+-------------------+-----------+---------------+----------------------+-------------------+
|           12 |       63.23    |         3 |       76.4526  |          80.3492  |              4.34 | False     |          0    |                85.85 |            149.08 |
+--------------+----------------+-----------+----------------+-------------------+-------------------+-----------+---------------+----------------------+-------------------+
|           12 |       63.23    |         4 |       84.6896  |         105.715   |              6.31 | True      |          3.81 |                85.85 |            149.08 |
+--------------+----------------+-----------+----------------+-------------------+-------------------+-----------+---------------+----------------------+-------------------+
|           12 |       63.23    |         5 |      115.837   |         141.92    |              7.16 | False     |          0    |                85.85 |            149.08 |
+--------------+----------------+-----------+----------------+-------------------+-------------------+-----------+---------------+----------------------+-------------------+
|           13 |       68.1669  |         1 |       68.1669  |          70.1483  |              2.95 | False     |          0    |                88.24 |            156.41 |
+--------------+----------------+-----------+----------------+-------------------+-------------------+-----------+---------------+----------------------+-------------------+
|           13 |       68.1669  |         2 |       73.1009  |          76.4526  |              4.03 | False     |          0    |                88.24 |            156.41 |
+--------------+----------------+-----------+----------------+-------------------+-------------------+-----------+---------------+----------------------+-------------------+
|           13 |       68.1669  |         3 |       80.4825  |          84.6896  |              4.51 | False     |          0    |                88.24 |            156.41 |
+--------------+----------------+-----------+----------------+-------------------+-------------------+-----------+---------------+----------------------+-------------------+
|           13 |       68.1669  |         4 |       89.1963  |         115.837   |              6.25 | False     |          0    |                88.24 |            156.41 |
+--------------+----------------+-----------+----------------+-------------------+-------------------+-----------+---------------+----------------------+-------------------+
|           13 |       68.1669  |         5 |      122.089   |         149.079   |              7.33 | False     |          0    |                88.24 |            156.41 |
+--------------+----------------+-----------+----------------+-------------------+-------------------+-----------+---------------+----------------------+-------------------+
|           14 |       68.2246  |         1 |       68.2246  |          73.1009  |              3.35 | False     |          0    |                95.55 |            163.78 |
+--------------+----------------+-----------+----------------+-------------------+-------------------+-----------+---------------+----------------------+-------------------+
|           14 |       68.2246  |         2 |       76.4519  |          80.4825  |              4.38 | False     |          0    |                95.55 |            163.78 |
+--------------+----------------+-----------+----------------+-------------------+-------------------+-----------+---------------+----------------------+-------------------+
|           14 |       68.2246  |         3 |       84.8587  |          89.1963  |              4.79 | False     |          0    |                95.55 |            163.78 |
+--------------+----------------+-----------+----------------+-------------------+-------------------+-----------+---------------+----------------------+-------------------+
|           14 |       68.2246  |         4 |       93.9859  |         122.089   |              6.04 | False     |          0    |                95.55 |            163.78 |
+--------------+----------------+-----------+----------------+-------------------+-------------------+-----------+---------------+----------------------+-------------------+
|           14 |       68.2246  |         5 |      128.13    |         156.405   |              7.37 | False     |          0    |                95.55 |            163.78 |
+--------------+----------------+-----------+----------------+-------------------+-------------------+-----------+---------------+----------------------+-------------------+
|           15 |       74.6023  |         1 |       74.6023  |          76.4519  |              3.04 | False     |          0    |               100.97 |            175.57 |
+--------------+----------------+-----------+----------------+-------------------+-------------------+-----------+---------------+----------------------+-------------------+
|           15 |       74.6023  |         2 |       79.4905  |          84.8587  |              4.05 | False     |          0    |               100.97 |            175.57 |
+--------------+----------------+-----------+----------------+-------------------+-------------------+-----------+---------------+----------------------+-------------------+
|           15 |       74.6023  |         3 |       88.9073  |          93.9859  |              4.68 | False     |          0    |               100.97 |            175.57 |
+--------------+----------------+-----------+----------------+-------------------+-------------------+-----------+---------------+----------------------+-------------------+
|           15 |       74.6023  |         4 |       98.6643  |         128.13    |              5.69 | False     |          0    |               100.97 |            175.57 |
+--------------+----------------+-----------+----------------+-------------------+-------------------+-----------+---------------+----------------------+-------------------+
|           15 |       74.6023  |         5 |      133.816   |         163.776   |              7.2  | True      |          4.6  |               100.97 |            175.57 |
+--------------+----------------+-----------+----------------+-------------------+-------------------+-----------+---------------+----------------------+-------------------+
|           16 |       79.696   |         1 |       79.696   |          79.696   |              2.78 | True      |          2.54 |               103.17 |            182.87 |
+--------------+----------------+-----------+----------------+-------------------+-------------------+-----------+---------------+----------------------+-------------------+
|           16 |       79.696   |         2 |       85.0184  |          88.9073  |              4.21 | False     |          0    |               103.17 |            182.87 |
+--------------+----------------+-----------+----------------+-------------------+-------------------+-----------+---------------+----------------------+-------------------+
|           16 |       79.696   |         3 |       93.1156  |          98.6643  |              4.65 | False     |          0    |               103.17 |            182.87 |
+--------------+----------------+-----------+----------------+-------------------+-------------------+-----------+---------------+----------------------+-------------------+
|           16 |       79.696   |         4 |      103.319   |         133.816   |              6.02 | True      |          3.17 |               103.17 |            182.87 |
+--------------+----------------+-----------+----------------+-------------------+-------------------+-----------+---------------+----------------------+-------------------+
|           16 |       79.696   |         5 |      143.005   |         175.57    |              7.3  | False     |          0    |               103.17 |            182.87 |
+--------------+----------------+-----------+----------------+-------------------+-------------------+-----------+---------------+----------------------+-------------------+
|           17 |       88.605   |         1 |       88.605   |          88.605   |              2.65 | False     |          0    |               102.91 |            191.51 |
+--------------+----------------+-----------+----------------+-------------------+-------------------+-----------+---------------+----------------------+-------------------+
|           17 |       88.605   |         2 |       91.2559  |          93.1156  |              3.82 | False     |          0    |               102.91 |            191.51 |
+--------------+----------------+-----------+----------------+-------------------+-------------------+-----------+---------------+----------------------+-------------------+
|           17 |       88.605   |         3 |       96.9379  |         103.319   |              4.44 | False     |          0    |               102.91 |            191.51 |
+--------------+----------------+-----------+----------------+-------------------+-------------------+-----------+---------------+----------------------+-------------------+
|           17 |       88.605   |         4 |      107.763   |         143.005   |              6.23 | False     |          0    |               102.91 |            191.51 |
+--------------+----------------+-----------+----------------+-------------------+-------------------+-----------+---------------+----------------------+-------------------+
|           17 |       88.605   |         5 |      149.231   |         182.871   |              7.05 | True      |          1.59 |               102.91 |            191.51 |
+--------------+----------------+-----------+----------------+-------------------+-------------------+-----------+---------------+----------------------+-------------------+
|           18 |       91.3558  |         1 |       91.3558  |          91.3558  |              2.94 | False     |          0    |               107.42 |            198.77 |
+--------------+----------------+-----------+----------------+-------------------+-------------------+-----------+---------------+----------------------+-------------------+
|           18 |       91.3558  |         2 |       94.2919  |          96.9379  |              3.38 | True      |          2.05 |               107.42 |            198.77 |
+--------------+----------------+-----------+----------------+-------------------+-------------------+-----------+---------------+----------------------+-------------------+
|           18 |       91.3558  |         3 |      102.362   |         107.763   |              5.31 | False     |          0    |               107.42 |            198.77 |
+--------------+----------------+-----------+----------------+-------------------+-------------------+-----------+---------------+----------------------+-------------------+
|           18 |       91.3558  |         4 |      113.075   |         149.231   |              5.56 | True      |          7.12 |               107.42 |            198.77 |
+--------------+----------------+-----------+----------------+-------------------+-------------------+-----------+---------------+----------------------+-------------------+
|           18 |       91.3558  |         5 |      161.911   |         191.51    |              7.26 | False     |          0    |               107.42 |            198.77 |
+--------------+----------------+-----------+----------------+-------------------+-------------------+-----------+---------------+----------------------+-------------------+